-0.071503,3.7412,-4.5415,-4.2526,1
-4.2333,4.9166,-0.49212,-5.3207,1
-2.3675,-0.43663,1.692,-0.43018,1
-2.5526,-7.3625,6.9255,-0.66811,1
-3.0986,-10.4602,8.9717,-2.3427,1
-0.89809,-4.4862,2.2009,0.50731,1
0.56232,1.0015,-2.2726,-0.0060486,1
0.53936,3.8944,-4.8166,-4.3418,1
-5.3012,7.3915,0.029699,-7.3987,1
-3.3553,0.35591,2.6473,-0.37846,1
-2.7908,-5.7133,5.953,0.45946,1
-1.9983,-6.6072,4.8254,-0.41984,1
0.15423,0.11794,-1.6823,0.59524,1
1.208,4.0744,-4.7635,-2.6129,1
0.2952,4.8856,-5.149,-6.2323,1
-6.4247,9.5311,0.022844,-6.8517,1
-3.9933,2.6218,0.62863,-1.1595,1
-2.659,-1.6058,1.3647,0.16464,1
-1.4094,-2.1252,-0.10397,-0.19225,1
0.11032,1.9741,-3.3668,-0.65259,1
0.52374,3.644,-4.0746,-1.9909,1
-0.76794,3.4598,-3.4405,-3.4276,1
-3.9698,3.6812,-0.60008,-4.0133,1
-7.0364,9.2931,0.16594,-4.5396,1
-4.9447,3.3005,1.063,-1.444,1
-3.5933,0.22968,0.7126,-0.3332,1
-2.1674,0.12415,-1.0465,-0.86208,1
-0.9607,2.6963,-3.1226,-1.3121,1
-1.0802,2.1996,-2.5862,-1.2759,1
-2.3277,1.4381,-0.82114,-1.2862,1
-3.7244,1.9037,-0.035421,-2.5095,1
-2.5724,-0.95602,2.7073,-0.16639,1
-3.9297,-6.0816,10.0958,-1.0147,1
-5.2943,-5.1463,10.3332,-1.1181,1
-3.8953,4.0392,-0.3019,-2.1836,1
-1.2244,1.7485,-1.4801,-1.4181,1
-2.6406,-4.4159,5.983,-0.13924,1
-4.6338,-12.7509,16.7166,-3.2168,1
-4.2887,-7.8633,11.8387,-1.8978,1
-3.3458,-0.50491,2.6328,0.53705,1
-1.1188,3.3357,-1.3455,-1.9573,1
0.55939,-0.3104,0.18307,0.44653,1
-1.5078,-7.3191,7.8981,1.2289,1
-3.506,-12.5667,15.1606,-0.75216,1
-2.9498,-8.273,10.2646,1.1629,1
-1.6029,-0.38903,1.62,1.9103,1
-1.2667,2.8183,-2.426,-1.8862,1
-0.49281,3.0605,-1.8356,-2.834,1
0.66365,-0.045533,-0.18794,0.23447,1
-0.72068,-6.7583,5.8408,0.62369,1
-1.9966,-9.5001,9.682,-0.12889,1
-0.97325,-6.4168,5.6026,1.0323,1
-0.025314,-0.17383,-0.11339,1.2198,1
0.062525,2.9301,-3.5467,-2.6737,1
-5.525,6.3258,0.89768,-6.6241,1
-1.2943,2.6735,-0.84085,-2.0323,1
-0.24037,-1.7837,2.135,1.2418,1
-1.3968,-9.6698,9.4652,-0.34872,1
-2.9672,-13.2869,13.4727,-2.6271,1
-1.1005,-7.2508,6.0139,0.36895,1
0.22432,-0.52147,-0.40386,1.2017,1
0.90407,3.3708,-4.4987,-3.6965,1
-2.8619,4.5193,-0.58123,-4.2629,1
-1.0833,-0.31247,1.2815,0.41291,1
-1.5681,-7.2446,6.5537,-0.1276,1
-2.0545,-10.8679,9.4926,-1.4116,1
0.2346,-4.5152,2.1195,1.4448,1
1.581,0.86909,-2.3138,0.82412,1
1.5514,3.8013,-4.9143,-3.7483,1
-4.1479,7.1225,-0.083404,-6.4172,1
-2.2625,-0.099335,2.8127,0.48662,1
-1.7479,-5.823,5.8699,1.212,1
-0.95923,-6.7128,4.9857,0.32886,1
1.3451,0.23589,-1.8785,1.3258,1
2.2279,4.0951,-4.8037,-2.1112,1
1.2572,4.8731,-5.2861,-5.8741,1
-5.3857,9.1214,-0.41929,-5.9181,1
-2.9786,2.3445,0.52667,-0.40173,1
-1.5851,-2.1562,1.7082,0.9017,1
-0.21888,-2.2038,-0.0954,0.56421,1
1.3183,1.9017,-3.3111,0.065071,1
1.4896,3.4288,-4.0309,-1.4259,1
0.11592,3.2219,-3.4302,-2.8457,1
-3.3924,3.3564,-0.72004,-3.5233,1
-6.1632,8.7096,-0.21621,-3.6345,1
-4.0786,2.9239,0.87026,-0.65389,1
-2.5899,-0.3911,0.93452,0.42972,1
-1.0116,-0.19038,-0.90597,0.003003,1
0.066129,2.4914,-2.9401,-0.62156,1
-0.24745,1.9368,-2.4697,-0.80518,1
-1.5732,1.0636,-0.71232,-0.8388,1
-2.1668,1.5933,0.045122,-1.678,1
-1.1667,-1.4237,2.9241,0.66119,1
-2.8391,-6.63,10.4849,-0.42113,1
-4.5046,-5.8126,10.8867,-0.52846,1
-2.41,3.7433,-0.40215,-1.2953,1
0.40614,1.3492,-1.4501,-0.55949,1
-1.3887,-4.8773,6.4774,0.34179,1
-3.7503,-13.4586,17.5932,-2.7771,1
-3.5637,-8.3827,12.393,-1.2823,1
-2.5419,-0.65804,2.6842,1.1952,1
3.6216,8.6661,-2.8073,-0.44699,0
4.5459,8.1674,-2.4586,-1.4621,0
3.866,-2.6383,1.9242,0.10645,0
3.4566,9.5228,-4.0112,-3.5944,0
0.32924,-4.4552,4.5718,-0.9888,0
4.3684,9.6718,-3.9606,-3.1625,0
3.5912,3.0129,0.72888,0.56421,0
2.0922,-6.81,8.4636,-0.60216,0
3.2032,5.7588,-0.75345,-0.61251,0
1.5356,9.1772,-2.2718,-0.73535,0
1.2247,8.7779,-2.2135,-0.80647,0
3.9899,-2.7066,2.3946,0.86291,0
1.8993,7.6625,0.15394,-3.1108,0
-1.5768,10.843,2.5462,-2.9362,0
3.404,8.7261,-2.9915,-0.57242,0
4.6765,-3.3895,3.4896,1.4771,0
2.6719,3.0646,0.37158,0.58619,0
0.80355,2.8473,4.3439,0.6017,0
1.4479,-4.8794,8.3428,-2.1086,0
5.2423,11.0272,-4.353,-4.1013,0
5.7867,7.8902,-2.6196,-0.48708,0
0.3292,-4.4552,4.5718,-0.9888,0
3.9362,10.1622,-3.8235,-4.0172,0
0.93584,8.8855,-1.6831,-1.6599,0
4.4338,9.887,-4.6795,-3.7483,0
0.7057,-5.4981,8.3368,-2.8715,0
1.1432,-3.7413,5.5777,-0.63578,0
-0.38214,8.3909,2.1624,-3.7405,0
6.5633,9.8187,-4.4113,-3.2258,0
4.8906,-3.3584,3.4202,1.0905,0
-0.24811,-0.17797,4.9068,0.15429,0
1.4884,3.6274,3.308,0.48921,0
4.2969,7.617,-2.3874,-0.96164,0
-0.96511,9.4111,1.7305,-4.8629,0
-1.6162,0.80908,8.1628,0.60817,0
2.4391,6.4417,-0.80743,-0.69139,0
2.6881,6.0195,-0.46641,-0.69268,0
3.6289,0.81322,1.6277,0.77627,0
4.5679,3.1929,-2.1055,0.29653,0
3.4805,9.7008,-3.7541,-3.4379,0
4.1711,8.722,-3.0224,-0.59699,0
-0.2062,9.2207,-3.7044,-6.8103,0
-0.0068919,9.2931,-0.41243,-1.9638,0
0.96441,5.8395,2.3235,0.066365,0
2.8561,6.9176,-0.79372,0.48403,0
-0.7869,9.5663,-3.7867,-7.5034,0
2.0843,6.6258,0.48382,-2.2134,0
3.3669,-5.1856,3.6935,-1.1427,0
4.5597,-2.4211,2.6413,1.6168,0
5.1129,-0.49871,0.62863,1.1189,0
3.3397,-4.6145,3.9823,-0.23751,0
4.2027,0.22761,0.96108,0.97282,0
3.5438,1.2395,1.997,2.1547,0
2.3136,10.6651,-3.5288,-4.7672,0
-1.8584,7.886,-1.6643,-1.8384,0
3.106,9.5414,-4.2536,-4.003,0
2.9163,10.8306,-3.3437,-4.122,0
3.9922,-4.4676,3.7304,-0.1095,0
1.518,5.6946,0.094818,-0.026738,0
3.2351,9.647,-3.2074,-2.5948,0
4.2188,6.8162,-1.2804,0.76076,0
1.7819,6.9176,-1.2744,-1.5759,0
2.5331,2.9135,-0.822,-0.12243,0
3.8969,7.4163,-1.8245,0.14007,0
2.108,6.7955,-0.1708,0.4905,0
2.8969,0.70768,2.29,1.8663,0
0.9297,-3.7971,4.6429,-0.2957,0
3.4642,10.6878,-3.4071,-4.109,0
4.0713,10.4023,-4.1722,-4.7582,0
-1.4572,9.1214,1.7425,-5.1241,0
-1.5075,1.9224,7.1466,0.89136,0
-0.91718,9.9884,1.1804,-5.2263,0
2.994,7.2011,-1.2153,0.3211,0
-2.343,12.9516,3.3285,-5.9426,0
3.7818,-2.8846,2.2558,-0.15734,0
4.6689,1.3098,0.055404,1.909,0
3.4663,1.1112,1.7425,1.3388,0
3.2697,-4.3414,3.6884,-0.29829,0
5.1302,8.6703,-2.8913,-1.5086,0
2.0139,6.1416,0.37929,0.56938,0
0.4339,5.5395,2.033,-0.40432,0
-1.0401,9.3987,0.85998,-5.3336,0
4.1605,11.2196,-3.6136,-4.0819,0
5.438,9.4669,-4.9417,-3.9202,0
5.032,8.2026,-2.6256,-1.0341,0
5.2418,10.5388,-4.1174,-4.2797,0
-0.2062,9.2207,-3.7044,-6.8103,0
2.0911,0.94358,4.5512,1.234,0
1.7317,-0.34765,4.1905,-0.99138,0
4.1736,3.3336,-1.4244,0.60429,0
3.9232,-3.2467,3.4579,0.83705,0
3.8481,10.1539,-3.8561,-4.2228,0
0.5195,-3.2633,3.0895,-0.9849,0
3.8584,0.78425,1.1033,1.7008,0
1.7496,-0.1759,5.1827,1.2922,0
3.6277,0.9829,0.68861,0.63403,0
2.7391,7.4018,0.071684,-2.5302,0
4.5447,8.2274,-2.4166,-1.5875,0
-1.7599,11.9211,2.6756,-3.3241,0
5.0691,0.21313,0.20278,1.2095,0